{
 "cells": [
  {
   "cell_type": "code",
   "execution_count": 1,
   "id": "5bbb4c8c-b6b5-4c8a-bec0-d6c90a45931c",
   "metadata": {},
   "outputs": [],
   "source": [
    "# importing librarys\n",
    "import pandas as pd\n",
    "import numpy as np"
   ]
  },
  {
   "cell_type": "code",
   "execution_count": 2,
   "id": "65622c21-7820-462e-82d7-8d6738f5e2a3",
   "metadata": {},
   "outputs": [],
   "source": [
    "df=pd.read_csv('dataset\\Algerian_forest_fires_dataset_cleaned.csv')"
   ]
  },
  {
   "cell_type": "code",
   "execution_count": 3,
   "id": "e1a87a57-7331-46ef-867b-6f9e26a9e7be",
   "metadata": {},
   "outputs": [
    {
     "data": {
      "text/html": [
       "<div>\n",
       "<style scoped>\n",
       "    .dataframe tbody tr th:only-of-type {\n",
       "        vertical-align: middle;\n",
       "    }\n",
       "\n",
       "    .dataframe tbody tr th {\n",
       "        vertical-align: top;\n",
       "    }\n",
       "\n",
       "    .dataframe thead th {\n",
       "        text-align: right;\n",
       "    }\n",
       "</style>\n",
       "<table border=\"1\" class=\"dataframe\">\n",
       "  <thead>\n",
       "    <tr style=\"text-align: right;\">\n",
       "      <th></th>\n",
       "      <th>day</th>\n",
       "      <th>month</th>\n",
       "      <th>year</th>\n",
       "      <th>Temperature</th>\n",
       "      <th>RH</th>\n",
       "      <th>Ws</th>\n",
       "      <th>Rain</th>\n",
       "      <th>FFMC</th>\n",
       "      <th>DMC</th>\n",
       "      <th>DC</th>\n",
       "      <th>ISI</th>\n",
       "      <th>BUI</th>\n",
       "      <th>FWI</th>\n",
       "      <th>Classes</th>\n",
       "      <th>Region</th>\n",
       "    </tr>\n",
       "  </thead>\n",
       "  <tbody>\n",
       "    <tr>\n",
       "      <th>0</th>\n",
       "      <td>1</td>\n",
       "      <td>6</td>\n",
       "      <td>2012</td>\n",
       "      <td>29</td>\n",
       "      <td>57</td>\n",
       "      <td>18</td>\n",
       "      <td>0.0</td>\n",
       "      <td>65.7</td>\n",
       "      <td>3.4</td>\n",
       "      <td>7.6</td>\n",
       "      <td>1.3</td>\n",
       "      <td>3.4</td>\n",
       "      <td>0.5</td>\n",
       "      <td>not fire</td>\n",
       "      <td>0</td>\n",
       "    </tr>\n",
       "    <tr>\n",
       "      <th>1</th>\n",
       "      <td>2</td>\n",
       "      <td>6</td>\n",
       "      <td>2012</td>\n",
       "      <td>29</td>\n",
       "      <td>61</td>\n",
       "      <td>13</td>\n",
       "      <td>1.3</td>\n",
       "      <td>64.4</td>\n",
       "      <td>4.1</td>\n",
       "      <td>7.6</td>\n",
       "      <td>1.0</td>\n",
       "      <td>3.9</td>\n",
       "      <td>0.4</td>\n",
       "      <td>not fire</td>\n",
       "      <td>0</td>\n",
       "    </tr>\n",
       "    <tr>\n",
       "      <th>2</th>\n",
       "      <td>3</td>\n",
       "      <td>6</td>\n",
       "      <td>2012</td>\n",
       "      <td>26</td>\n",
       "      <td>82</td>\n",
       "      <td>22</td>\n",
       "      <td>13.1</td>\n",
       "      <td>47.1</td>\n",
       "      <td>2.5</td>\n",
       "      <td>7.1</td>\n",
       "      <td>0.3</td>\n",
       "      <td>2.7</td>\n",
       "      <td>0.1</td>\n",
       "      <td>not fire</td>\n",
       "      <td>0</td>\n",
       "    </tr>\n",
       "    <tr>\n",
       "      <th>3</th>\n",
       "      <td>4</td>\n",
       "      <td>6</td>\n",
       "      <td>2012</td>\n",
       "      <td>25</td>\n",
       "      <td>89</td>\n",
       "      <td>13</td>\n",
       "      <td>2.5</td>\n",
       "      <td>28.6</td>\n",
       "      <td>1.3</td>\n",
       "      <td>6.9</td>\n",
       "      <td>0.0</td>\n",
       "      <td>1.7</td>\n",
       "      <td>0.0</td>\n",
       "      <td>not fire</td>\n",
       "      <td>0</td>\n",
       "    </tr>\n",
       "    <tr>\n",
       "      <th>4</th>\n",
       "      <td>5</td>\n",
       "      <td>6</td>\n",
       "      <td>2012</td>\n",
       "      <td>27</td>\n",
       "      <td>77</td>\n",
       "      <td>16</td>\n",
       "      <td>0.0</td>\n",
       "      <td>64.8</td>\n",
       "      <td>3.0</td>\n",
       "      <td>14.2</td>\n",
       "      <td>1.2</td>\n",
       "      <td>3.9</td>\n",
       "      <td>0.5</td>\n",
       "      <td>not fire</td>\n",
       "      <td>0</td>\n",
       "    </tr>\n",
       "  </tbody>\n",
       "</table>\n",
       "</div>"
      ],
      "text/plain": [
       "   day  month  year  Temperature  RH  Ws  Rain  FFMC  DMC    DC  ISI  BUI  \\\n",
       "0    1      6  2012           29  57  18   0.0  65.7  3.4   7.6  1.3  3.4   \n",
       "1    2      6  2012           29  61  13   1.3  64.4  4.1   7.6  1.0  3.9   \n",
       "2    3      6  2012           26  82  22  13.1  47.1  2.5   7.1  0.3  2.7   \n",
       "3    4      6  2012           25  89  13   2.5  28.6  1.3   6.9  0.0  1.7   \n",
       "4    5      6  2012           27  77  16   0.0  64.8  3.0  14.2  1.2  3.9   \n",
       "\n",
       "   FWI   Classes  Region  \n",
       "0  0.5  not fire       0  \n",
       "1  0.4  not fire       0  \n",
       "2  0.1  not fire       0  \n",
       "3  0.0  not fire       0  \n",
       "4  0.5  not fire       0  "
      ]
     },
     "execution_count": 3,
     "metadata": {},
     "output_type": "execute_result"
    }
   ],
   "source": [
    "df.head()"
   ]
  },
  {
   "cell_type": "code",
   "execution_count": 4,
   "id": "690edba3-e196-4f95-a5c0-64b120261ced",
   "metadata": {},
   "outputs": [
    {
     "data": {
      "text/plain": [
       "Index(['day', 'month', 'year', 'Temperature', 'RH', 'Ws', 'Rain', 'FFMC',\n",
       "       'DMC', 'DC', 'ISI', 'BUI', 'FWI', 'Classes', 'Region'],\n",
       "      dtype='object')"
      ]
     },
     "execution_count": 4,
     "metadata": {},
     "output_type": "execute_result"
    }
   ],
   "source": [
    "df.columns"
   ]
  },
  {
   "cell_type": "code",
   "execution_count": 5,
   "id": "7f32a2b6-96d6-430c-b6ea-355182140d88",
   "metadata": {},
   "outputs": [],
   "source": [
    "# dropping month,day and year as it will not be that usable for our model.\n",
    "df.drop(['day','month','year'],axis=1,inplace=True)"
   ]
  },
  {
   "cell_type": "code",
   "execution_count": 6,
   "id": "ad3d4cb5-c74e-4ce1-85d5-bc9d3e5ffc7f",
   "metadata": {},
   "outputs": [],
   "source": [
    "# converting classes to 0 and 1 for our model\n",
    "df['Classes']=np.where(df['Classes'].str.contains(\"not fire\"),0,1)"
   ]
  },
  {
   "cell_type": "code",
   "execution_count": 8,
   "id": "f2997d3e-f9b3-4fbd-8907-c5f49cea3aad",
   "metadata": {},
   "outputs": [
    {
     "data": {
      "text/plain": [
       "Classes\n",
       "1    138\n",
       "0    106\n",
       "Name: count, dtype: int64"
      ]
     },
     "execution_count": 8,
     "metadata": {},
     "output_type": "execute_result"
    }
   ],
   "source": [
    "df[\"Classes\"].value_counts()"
   ]
  },
  {
   "cell_type": "code",
   "execution_count": 9,
   "id": "f7b78214-f80f-4a72-91d0-cba6c2acfa03",
   "metadata": {},
   "outputs": [
    {
     "data": {
      "text/html": [
       "<div>\n",
       "<style scoped>\n",
       "    .dataframe tbody tr th:only-of-type {\n",
       "        vertical-align: middle;\n",
       "    }\n",
       "\n",
       "    .dataframe tbody tr th {\n",
       "        vertical-align: top;\n",
       "    }\n",
       "\n",
       "    .dataframe thead th {\n",
       "        text-align: right;\n",
       "    }\n",
       "</style>\n",
       "<table border=\"1\" class=\"dataframe\">\n",
       "  <thead>\n",
       "    <tr style=\"text-align: right;\">\n",
       "      <th></th>\n",
       "      <th>Temperature</th>\n",
       "      <th>RH</th>\n",
       "      <th>Ws</th>\n",
       "      <th>Rain</th>\n",
       "      <th>FFMC</th>\n",
       "      <th>DMC</th>\n",
       "      <th>DC</th>\n",
       "      <th>ISI</th>\n",
       "      <th>BUI</th>\n",
       "      <th>FWI</th>\n",
       "      <th>Classes</th>\n",
       "      <th>Region</th>\n",
       "    </tr>\n",
       "  </thead>\n",
       "  <tbody>\n",
       "    <tr>\n",
       "      <th>Temperature</th>\n",
       "      <td>1.000000</td>\n",
       "      <td>-0.654443</td>\n",
       "      <td>-0.278132</td>\n",
       "      <td>-0.326786</td>\n",
       "      <td>0.677491</td>\n",
       "      <td>0.483105</td>\n",
       "      <td>0.370498</td>\n",
       "      <td>0.605971</td>\n",
       "      <td>0.456415</td>\n",
       "      <td>0.566839</td>\n",
       "      <td>0.518119</td>\n",
       "      <td>0.273496</td>\n",
       "    </tr>\n",
       "    <tr>\n",
       "      <th>RH</th>\n",
       "      <td>-0.654443</td>\n",
       "      <td>1.000000</td>\n",
       "      <td>0.236084</td>\n",
       "      <td>0.222968</td>\n",
       "      <td>-0.645658</td>\n",
       "      <td>-0.405133</td>\n",
       "      <td>-0.220330</td>\n",
       "      <td>-0.688268</td>\n",
       "      <td>-0.349685</td>\n",
       "      <td>-0.580457</td>\n",
       "      <td>-0.435023</td>\n",
       "      <td>-0.406424</td>\n",
       "    </tr>\n",
       "    <tr>\n",
       "      <th>Ws</th>\n",
       "      <td>-0.278132</td>\n",
       "      <td>0.236084</td>\n",
       "      <td>1.000000</td>\n",
       "      <td>0.170169</td>\n",
       "      <td>-0.163255</td>\n",
       "      <td>-0.001246</td>\n",
       "      <td>0.076245</td>\n",
       "      <td>0.012245</td>\n",
       "      <td>0.030303</td>\n",
       "      <td>0.033957</td>\n",
       "      <td>-0.066529</td>\n",
       "      <td>-0.176829</td>\n",
       "    </tr>\n",
       "    <tr>\n",
       "      <th>Rain</th>\n",
       "      <td>-0.326786</td>\n",
       "      <td>0.222968</td>\n",
       "      <td>0.170169</td>\n",
       "      <td>1.000000</td>\n",
       "      <td>-0.544045</td>\n",
       "      <td>-0.288548</td>\n",
       "      <td>-0.296804</td>\n",
       "      <td>-0.347862</td>\n",
       "      <td>-0.299409</td>\n",
       "      <td>-0.324755</td>\n",
       "      <td>-0.379449</td>\n",
       "      <td>-0.041080</td>\n",
       "    </tr>\n",
       "    <tr>\n",
       "      <th>FFMC</th>\n",
       "      <td>0.677491</td>\n",
       "      <td>-0.645658</td>\n",
       "      <td>-0.163255</td>\n",
       "      <td>-0.544045</td>\n",
       "      <td>1.000000</td>\n",
       "      <td>0.602391</td>\n",
       "      <td>0.503910</td>\n",
       "      <td>0.740751</td>\n",
       "      <td>0.590251</td>\n",
       "      <td>0.691430</td>\n",
       "      <td>0.770114</td>\n",
       "      <td>0.224680</td>\n",
       "    </tr>\n",
       "    <tr>\n",
       "      <th>DMC</th>\n",
       "      <td>0.483105</td>\n",
       "      <td>-0.405133</td>\n",
       "      <td>-0.001246</td>\n",
       "      <td>-0.288548</td>\n",
       "      <td>0.602391</td>\n",
       "      <td>1.000000</td>\n",
       "      <td>0.875358</td>\n",
       "      <td>0.678355</td>\n",
       "      <td>0.982206</td>\n",
       "      <td>0.875191</td>\n",
       "      <td>0.584188</td>\n",
       "      <td>0.191094</td>\n",
       "    </tr>\n",
       "    <tr>\n",
       "      <th>DC</th>\n",
       "      <td>0.370498</td>\n",
       "      <td>-0.220330</td>\n",
       "      <td>0.076245</td>\n",
       "      <td>-0.296804</td>\n",
       "      <td>0.503910</td>\n",
       "      <td>0.875358</td>\n",
       "      <td>1.000000</td>\n",
       "      <td>0.503919</td>\n",
       "      <td>0.941672</td>\n",
       "      <td>0.737041</td>\n",
       "      <td>0.507122</td>\n",
       "      <td>-0.081489</td>\n",
       "    </tr>\n",
       "    <tr>\n",
       "      <th>ISI</th>\n",
       "      <td>0.605971</td>\n",
       "      <td>-0.688268</td>\n",
       "      <td>0.012245</td>\n",
       "      <td>-0.347862</td>\n",
       "      <td>0.740751</td>\n",
       "      <td>0.678355</td>\n",
       "      <td>0.503919</td>\n",
       "      <td>1.000000</td>\n",
       "      <td>0.641351</td>\n",
       "      <td>0.922422</td>\n",
       "      <td>0.736142</td>\n",
       "      <td>0.266298</td>\n",
       "    </tr>\n",
       "    <tr>\n",
       "      <th>BUI</th>\n",
       "      <td>0.456415</td>\n",
       "      <td>-0.349685</td>\n",
       "      <td>0.030303</td>\n",
       "      <td>-0.299409</td>\n",
       "      <td>0.590251</td>\n",
       "      <td>0.982206</td>\n",
       "      <td>0.941672</td>\n",
       "      <td>0.641351</td>\n",
       "      <td>1.000000</td>\n",
       "      <td>0.856912</td>\n",
       "      <td>0.584545</td>\n",
       "      <td>0.087996</td>\n",
       "    </tr>\n",
       "    <tr>\n",
       "      <th>FWI</th>\n",
       "      <td>0.566839</td>\n",
       "      <td>-0.580457</td>\n",
       "      <td>0.033957</td>\n",
       "      <td>-0.324755</td>\n",
       "      <td>0.691430</td>\n",
       "      <td>0.875191</td>\n",
       "      <td>0.737041</td>\n",
       "      <td>0.922422</td>\n",
       "      <td>0.856912</td>\n",
       "      <td>1.000000</td>\n",
       "      <td>0.719407</td>\n",
       "      <td>0.198474</td>\n",
       "    </tr>\n",
       "    <tr>\n",
       "      <th>Classes</th>\n",
       "      <td>0.518119</td>\n",
       "      <td>-0.435023</td>\n",
       "      <td>-0.066529</td>\n",
       "      <td>-0.379449</td>\n",
       "      <td>0.770114</td>\n",
       "      <td>0.584188</td>\n",
       "      <td>0.507122</td>\n",
       "      <td>0.736142</td>\n",
       "      <td>0.584545</td>\n",
       "      <td>0.719407</td>\n",
       "      <td>1.000000</td>\n",
       "      <td>0.165363</td>\n",
       "    </tr>\n",
       "    <tr>\n",
       "      <th>Region</th>\n",
       "      <td>0.273496</td>\n",
       "      <td>-0.406424</td>\n",
       "      <td>-0.176829</td>\n",
       "      <td>-0.041080</td>\n",
       "      <td>0.224680</td>\n",
       "      <td>0.191094</td>\n",
       "      <td>-0.081489</td>\n",
       "      <td>0.266298</td>\n",
       "      <td>0.087996</td>\n",
       "      <td>0.198474</td>\n",
       "      <td>0.165363</td>\n",
       "      <td>1.000000</td>\n",
       "    </tr>\n",
       "  </tbody>\n",
       "</table>\n",
       "</div>"
      ],
      "text/plain": [
       "             Temperature        RH        Ws      Rain      FFMC       DMC  \\\n",
       "Temperature     1.000000 -0.654443 -0.278132 -0.326786  0.677491  0.483105   \n",
       "RH             -0.654443  1.000000  0.236084  0.222968 -0.645658 -0.405133   \n",
       "Ws             -0.278132  0.236084  1.000000  0.170169 -0.163255 -0.001246   \n",
       "Rain           -0.326786  0.222968  0.170169  1.000000 -0.544045 -0.288548   \n",
       "FFMC            0.677491 -0.645658 -0.163255 -0.544045  1.000000  0.602391   \n",
       "DMC             0.483105 -0.405133 -0.001246 -0.288548  0.602391  1.000000   \n",
       "DC              0.370498 -0.220330  0.076245 -0.296804  0.503910  0.875358   \n",
       "ISI             0.605971 -0.688268  0.012245 -0.347862  0.740751  0.678355   \n",
       "BUI             0.456415 -0.349685  0.030303 -0.299409  0.590251  0.982206   \n",
       "FWI             0.566839 -0.580457  0.033957 -0.324755  0.691430  0.875191   \n",
       "Classes         0.518119 -0.435023 -0.066529 -0.379449  0.770114  0.584188   \n",
       "Region          0.273496 -0.406424 -0.176829 -0.041080  0.224680  0.191094   \n",
       "\n",
       "                   DC       ISI       BUI       FWI   Classes    Region  \n",
       "Temperature  0.370498  0.605971  0.456415  0.566839  0.518119  0.273496  \n",
       "RH          -0.220330 -0.688268 -0.349685 -0.580457 -0.435023 -0.406424  \n",
       "Ws           0.076245  0.012245  0.030303  0.033957 -0.066529 -0.176829  \n",
       "Rain        -0.296804 -0.347862 -0.299409 -0.324755 -0.379449 -0.041080  \n",
       "FFMC         0.503910  0.740751  0.590251  0.691430  0.770114  0.224680  \n",
       "DMC          0.875358  0.678355  0.982206  0.875191  0.584188  0.191094  \n",
       "DC           1.000000  0.503919  0.941672  0.737041  0.507122 -0.081489  \n",
       "ISI          0.503919  1.000000  0.641351  0.922422  0.736142  0.266298  \n",
       "BUI          0.941672  0.641351  1.000000  0.856912  0.584545  0.087996  \n",
       "FWI          0.737041  0.922422  0.856912  1.000000  0.719407  0.198474  \n",
       "Classes      0.507122  0.736142  0.584545  0.719407  1.000000  0.165363  \n",
       "Region      -0.081489  0.266298  0.087996  0.198474  0.165363  1.000000  "
      ]
     },
     "execution_count": 9,
     "metadata": {},
     "output_type": "execute_result"
    }
   ],
   "source": [
    "df.corr()"
   ]
  },
  {
   "cell_type": "code",
   "execution_count": 10,
   "id": "77bd153a-7feb-497e-86e8-099f705b077f",
   "metadata": {},
   "outputs": [],
   "source": [
    "# Calculate the correlation matrix\n",
    "corr_matrix = df.corr().abs()\n",
    "\n",
    "# Create an upper triangle matrix of correlations (to avoid duplication)\n",
    "upper_triangle = corr_matrix.where(\n",
    "    np.triu(np.ones(corr_matrix.shape), k=1).astype(bool)\n",
    ")\n",
    "\n",
    "# Find columns with correlation greater than 0.85\n",
    "to_drop = [column for column in upper_triangle.columns if any(upper_triangle[column] > 0.85)]"
   ]
  },
  {
   "cell_type": "code",
   "execution_count": 11,
   "id": "e91f7764-96f1-4b99-b5a4-5ad7acc2a4c4",
   "metadata": {},
   "outputs": [
    {
     "name": "stdout",
     "output_type": "stream",
     "text": [
      "['DC', 'BUI', 'FWI']\n"
     ]
    }
   ],
   "source": [
    "print(to_drop)"
   ]
  },
  {
   "cell_type": "markdown",
   "id": "ad8ba47c-f7c8-4237-86a9-532ce6fa7927",
   "metadata": {},
   "source": [
    "There are three highly corelated coloumns. But FWI is our dependent value so I have to drop one coloumn between DC or BUI.\n",
    "DC has one correlation higher than 0.85 but BUI has two correlation higher than 0.85, So dropping BUI make sense"
   ]
  },
  {
   "cell_type": "code",
   "execution_count": 12,
   "id": "fcae6ce0-604f-4c67-8a49-4e7b3ba2a4ad",
   "metadata": {},
   "outputs": [],
   "source": [
    "# dropping BUI.\n",
    "df.drop(['BUI'],axis=1,inplace=True)"
   ]
  },
  {
   "cell_type": "code",
   "execution_count": 13,
   "id": "bf44fed8-b6b7-4f76-8479-516f0c845b7e",
   "metadata": {},
   "outputs": [],
   "source": [
    "## Independent And dependent features\n",
    "X=df.drop('FWI',axis=1)\n",
    "y=df['FWI']"
   ]
  },
  {
   "cell_type": "code",
   "execution_count": 14,
   "id": "aaedf934-9ae4-4940-b130-f2ccf9fa795b",
   "metadata": {},
   "outputs": [
    {
     "data": {
      "text/plain": [
       "((244, 10), (244,))"
      ]
     },
     "execution_count": 14,
     "metadata": {},
     "output_type": "execute_result"
    }
   ],
   "source": [
    "X.shape, y.shape"
   ]
  },
  {
   "cell_type": "code",
   "execution_count": 15,
   "id": "71e23256-2157-4283-bd79-0721cff3360b",
   "metadata": {},
   "outputs": [
    {
     "ename": "ModuleNotFoundError",
     "evalue": "No module named 'sklearn'",
     "output_type": "error",
     "traceback": [
      "\u001b[1;31m---------------------------------------------------------------------------\u001b[0m",
      "\u001b[1;31mModuleNotFoundError\u001b[0m                       Traceback (most recent call last)",
      "Cell \u001b[1;32mIn[15], line 2\u001b[0m\n\u001b[0;32m      1\u001b[0m \u001b[38;5;66;03m#Train Test Split\u001b[39;00m\n\u001b[1;32m----> 2\u001b[0m \u001b[38;5;28;01mfrom\u001b[39;00m \u001b[38;5;21;01msklearn\u001b[39;00m\u001b[38;5;21;01m.\u001b[39;00m\u001b[38;5;21;01mmodel_selection\u001b[39;00m \u001b[38;5;28;01mimport\u001b[39;00m train_test_split\n\u001b[0;32m      3\u001b[0m X_train,X_test,y_train,y_test\u001b[38;5;241m=\u001b[39mtrain_test_split(X,y,test_size\u001b[38;5;241m=\u001b[39m\u001b[38;5;241m0.25\u001b[39m,random_state\u001b[38;5;241m=\u001b[39m\u001b[38;5;241m42\u001b[39m)\n",
      "\u001b[1;31mModuleNotFoundError\u001b[0m: No module named 'sklearn'"
     ]
    }
   ],
   "source": [
    "#Train Test Split\n",
    "from sklearn.model_selection import train_test_split\n",
    "X_train,X_test,y_train,y_test=train_test_split(X,y,test_size=0.25,random_state=42)"
   ]
  },
  {
   "cell_type": "code",
   "execution_count": null,
   "id": "aeba024d-6054-4fb5-9413-f73cac05cdfd",
   "metadata": {},
   "outputs": [],
   "source": []
  }
 ],
 "metadata": {
  "kernelspec": {
   "display_name": "Python 3 (ipykernel)",
   "language": "python",
   "name": "python3"
  },
  "language_info": {
   "codemirror_mode": {
    "name": "ipython",
    "version": 3
   },
   "file_extension": ".py",
   "mimetype": "text/x-python",
   "name": "python",
   "nbconvert_exporter": "python",
   "pygments_lexer": "ipython3",
   "version": "3.10.4"
  }
 },
 "nbformat": 4,
 "nbformat_minor": 5
}
